70
1595
5
3
82
2
3
1
0
1
0
0
0
2
49
3
0
4756
1
20
1
0
2311
0
586
0
0
0
57
0
155
3
0
118
2
1
1204
0
0
1586
91
3
132
0
78
0
0
0
0
1781
3
0
4
251
1110
0
0
0
0
40
0
3
1
0
2065
3
0
2
0
100
136
167
969
0
3
3
1
0
0
0
0
0
0
4926
51
132
0
0
123
320
620
0
2
31
0
132
1
28
6
1595
1
48
2617
82
6
39
0
0
3
2425
616
157
0
3
102
0
1
0
32
0
2
0
0
3
137
0
27
0
0
195
0
1951
1
33
0
0
57
3
216
3
0
3
3
207
0
2
3
883
1
1
1
6
0
3
3
3
3
7
29
0
1
0
0
78
344
2
131
0
132
20
3
0
20
3
0
0
2165
3
1
1403
45
0
0
2
2
0
2167
145
0
0
969
0
212
118
3
0
0
25
6
0
11
281
0
0
3
388
0
0
600
156
6
3955
129
69
21
29
901
1
0
1
0
104
5
8
1
3
1
5
0
4
0
0
0
0
0
1882
2
35
2
1908
260
0
0
2
201
1783
800
4
842
38
27
1
3
1525
292
337
3
0
28
1656
3
1502
40
3
1
1
0
65
3
168
0
0
339
0
0
13
0
84
2
314
0
195
0
0
0
2
1
0
0
2167
3
2046
2523
3
0
0
704
118
3
2
0
210
0
100
0
3
3
6
0
0
0
0
0
0
1
836
0
0
137
0
18
1
22
1
0
2
32
1
476
1
0
0
2
5
0
0
0
6
0
139
0
3
6
0
0
0
3
0
188
744
5
1595
0
2
1
3
190
0
3
1806
6
1
0
4
345
2
3
0
2
1
3
0
0
0
118
0
3
3
1
11
465
4489
2167
0
1
0
0
1
3
62
2
0
3
6
3
27
3
0
201
1
32
20
12
0
0
0
3439
0
1
5
9
37
0
0
1
2
27
1359
0
0
0
0
0
3
8
0
7
408
0
1569
3
168
0
345
20
51
0
2
263
0
0
4
29
3
0
180
10
0
3
57
0
2
12
167
2
0
27
201
4
0
0
303
3
1
100
47
1899
13
0
3
3
3
4
1
20
0
32
0
988
168
0
4897
100
869
26
1
32
1
0
0
620
0
0
1502
2
68
39
132
884
48
0
57
1
3
145
0
0
2000
153
2
24
1
0
1
0
0
1
347
11
2
1
1
12
1353
3
0
168
0
0
3
1487
3
46
0
45
0
14
0
3
145
3
657
235
118
0
0
3
199
0
0
104
48
43
7
3
0
3
2
601
3
44
0
1
0
1403
0
2
0
441
0
60
0
4
0
692
121
0
1316
168
0
0
0
292
2
258
2
18
0
1
12
0
0
1
1
128
2437
43
700
0
289
3
3
2
0
41
0
0
57
0
348
0
0
2
2
2
1
0
1
1062
0
0
0
303
0
0
0
88
280
132
0
1
0
3
846
1
0
0
0
0
1
3
3
194
2
0
0
3
0
0
2
32
1
123
11
0
28
29
1
0
49
0
1
0
23
0
586
2447
233
232
6
3
0
0
3
0
0
145
0
2447
1599
0
0
1
120
0
50
0
0
0
0
701
0
2
1195
7
3
62
861
132
3
33
80
1
0
70
21
24
0
589
0
15
0
0
1
0
5
3
25
8
55
187
14
0
3
27
0
118
14
362
0
0
53
13
132
11
294
2
124
3
0
977
2
137
0
0
0
0
0
3
0
0
3
0
9
113
0
2447
0
29
0
1
0
2091
0
0
0
6
5121
2255
3
0
3
3
2
0
0
341
11
0
7
654
45
2167
12
0
0
3
2
293
0
132
0
0
2
0
201
27
2
1404
0
2
1131
1
0
0
3
3
29
1
1
196
0
12
126
0
6
89
3
1213
949
445
76
0
1
0
3
3
0
3
27
0
1608
260
0
0
4
0
145
2
2
11
0
0
1
3
0
390
3
1
1663
542
3
3
2
4
0
1595
11
0
48
826
0
1519
567
68
1434
65
39
0
0
2
0
3
79
0
2
14
32
665
0
2
5
0
27
132
0
1
0
0
1403
602
43
6
3
2
3
0
132
0
3
3
216
1799
1
132
3
0
2
345
3
0
2
1221
2
37
0
2
3
0
1
2
4
0
997
0
104
2
0
0
20
0
1795
3
0
3
380
4756
232
3
252
48
1473
1
295
1
295
1
796
1
29
0
2
2
29
5
211
0
1519
2447
3
174
255
0
1405
279
1
58
0
3
2
0
0
515
2485
0
0
0
5
1
63
457
122
0
1
59
93
0
8
3
2
3
167
7
0
12
12
0
0
201
216
1
1
1
0
156
359
1
723
3
0
2
1127
14
0
0
3
55
71
0
3
2
3
427
1
21
1
0
0
3
1
25
2
0
6
0
3
43
37
104
0
1
5121
280
216
415
5
1
289
0
104
168
2
3051
1
3
0
28
1
2757
12
63
2165
0
145
2
2
0
653
63
32
0
3
11
1
692
2
22
11
0
0
132
3
57
5
0
136
76
4
0
5121
0
45
132
385
0
775
0
132
755
28
1
1533
993
3
2
0
5
49
0
60
0
586
0
57
390
132
3
0
3
1
355
194
0
1102
273
1
0
3
0
235
3
5
1
0
139
6
357
3
29
0
1
0
0
613
168
100
0
3
0
1519
9
375
145
2
0
1519
0
3
0
0
0
0
0
0
11
18
1
724
26
0
377
0
465
108
1
0
0
431
0
0
0
4
0
45
0
0
2
122
0
0
132
0
0
0
0
3
1
57
325
0
190
0
1
3
2
2425
2
18
0
1
3
0
459
1654
27
3
0
0
295
56
2
3
0
3
3
0
0
260
79
1260
235
2091
132
3
1313
3
31
0
68
3
1060
0
5
0
1
288
0
2
0
2922
0
59
2447
6
0
104
44
201
352
0
4
0
3
0
2
0
0
3
3
0
1647
1519
0
1
3
222
1
32
65
2534
145
0
3
5
990
0
0
390
0
0
0
503
104
3
9
0
3
0
275
1525
1
7
0
0
0
29
1
3
3
29
3
132
3
0
49
1
229
0
837
2
1882
2
0
0
3
969
3
2167
2
1
0
350
3
3
0
0
588
2165
0
2041
0
0
20
0
0
474
39
145
110
11
1
29
49
118
0
8
0
2
12
2425
76
1
0
552
0
0
29
0
0
2
1
2
2
7
2
3
0
3
0
0
11
0
123
0
22
49
920
155
3
752
0
2
3
0
41
855
97
118
0
1
0
3
0
1558
0
201
2349
1
347
3
1
3
0
32
0
892
0
230
1
4
281
0
0
0
21
24
2
0
1
0
1
0
384
3
3
1
0
3
321
1
5121
0
1
14
3
3
1
637
3
3
67
0
3
19
0
0
104
0
0
0
20
100
2
0
0
0
0
3
286
132
1440
1
132
3
0
0
20
3
0
0
48
4
0
56
0
0
0
1
0
145
107
3
0
1451
0
0
3
0
3228
0
26
118
264
3833
5121
183
0
2
0
4
0
363
10
1
0
0
2
5
0
408
1525
0
0
1320
1
1940
3
1
18
11
0
1
1
1
0
0
132
3
0
336
180
132
132
13
28
1
0
0
0
0
0
2
153
2
1
79
1
6
1
29
1
0
3
0
0
216
77
3
0
0
3
1
0
3
0
49
1
0
0
0
50
0
29
3
22
0
2
0
210
92
0
135
2
0
0
1
3
0
2
84
0
66
0
3
294
0
0
139
48
0
10
1118
0
0
44
191
0
196
4
1
0
0
1519
0
132
1
0
2
0
6
3
0
0
2
4
0
1908
3
0
4
0
0
0
29
1
1
2
0
1595
47
0
0
0
14
0
3
295
1
20
1
7
0
0
3
3
1
3
296
0
66
3
2
0
1
920
101
418
42
0
197
3
30
0
0
0
335
0
40
0
1
0
1
1
0
0
1502
29
228
2
996
5
0
227
0
0
0
277
1
6
57
48
1
0
0
57
69
0
3
0
0
0
0
0
0
0
118
3
29
0
3
1193
0
0
26
1
23
4
3
0
6
0
0
1
1285
0
0
0
0
5121
0
0
0
5
1
0
267
1
1927
1
0
3
22
0
27
0
2
252
0
0
343
132
322
2
2425
159
0
1
0
0
1
1
8
3
0
3
2
3
992
0
0
0
2167
5
1
6
0
235
0
3
823
884
200
0
132
1
2
48
3
22
21
611
386
79
0
1
0
145
3
326
0
1595
2181
10
718
3
43
0
132
0
57
3
0
0
0
32
0
0
0
0
0
0
5
29
0
0
2
29
0
2489
4
376
145
0
43
17
0
3
3
441
1547
388
137
1
0
3
6
70
0
0
104
3
0
0
0
0
0
0
3
1
1
29
0
0
3
42
3
0
1
0
0
0
4
132
12
0
280
454
1
0
0
668
757
2
19
35
29
5
0
2
5
641
0
2
0
18
3
0
225
19
2
3
1949
65
0
0
1271
0
13
57
2
1
1
3
166
0
0
0
3
588
0
48
0
0
30
0
2
3
0
104
3
409
5
3
3644
0
3
8
0
71
0
3
1376
0
76
1
14
273
245
13
1
0
3
3
0
0
0
0
4
996
2
21
2
132
0
3
0
0
167
0
0
0
3
0
1
4
1022
3
0
1
0
0
3
118
1
0
506
3
0
0
3
197
118
0
104
3
0
0
2
0
0
0
36
3
441
57
106
80
271
4
80
0
3
11
3
2
120
352
3
39
11
1
2042
2
0
132
3
0
382
203
0
0
1
29
1
0
48
1636
0
0
0
1
846
213
5
271
24
0
0
0
41
258
119
2
700
6
1
3843
3
5
0
132
1
9
3
29
0
1965
3
0
21
76
0
9
1
118
1519
57
0
2
2
0
11
1519
0
1
0
433
0
0
3
0
3
0
5
64
3
17
2
3
0
0
3
0
0
0
63
12
3588
3
3
0
0
4
0
2
0
1
1
29
0
6
0
2
5121
1
3495
0
0
0
0
0
0
2
0
383
132
29
0
0
525
328
0
7
179
0
1
0
0
0
0
542
3
113
0
0
72
70
104
1
0
45
0
0
0
0
1
71
288
0
0
286
0
1
3
0
3
0
3
63
3
236
49
3
2
235
2
1449
3
0
2
0
0
0
10
2
4
2
1262
448
897
546
15
1
1059
15
280
312
3
3
0
47
53
27
0
3
2
119
1
0
0
0
0
0
1
0
3
1
0
2
0
4
132
0
0
2
0
0
0
0
20
68
3
3
0
3
358
1061
63
0
260
57
0
0
0
0
200
3
3
39
969
5
0
1
0
1468
3
0
358
1525
388
2143
0
3
0
169
3
0
1
0
40
181
1586
759
5
0
0
3
0
1433
5
854
2
0
1375
0
435
7
2
1
19
0
1
0
294
0
192
1467
57
0
2167
0
0
3
3
0
0
0
0
216
3
295
3
111
0
2
1519
201
0
0
0
1
145
0
11
385
0
0
2000
59
0
3
39
1251
2090
0
123
452
6
1953
169
0
0
0
0
93
244
132
0
0
0
3
586
60
675
1
0
101
2167
284
5
29
29
2
3
50
0
0
62
2
2
0
6
272
0
12
6
1
0
73
18
43
1837
394
1
3
201
1
0
0
0
0
84
3
122
1
37
1330
3
2
0
3
6
1
0
769
1
201
976
0
87
0
0
300
43
39
58
2
1244
216
215
278
0
3
0
2040
823
132
4
921
180
3
227
539
1
200
88
3
577
0
19
2
0
1480
0
3312
0
27
0
0
4
1
3
632
37
0
3
418
2140
0
25
0
1
1
132
27
83
1
0
4
22
132
29
3
0
0
2
0
1060
0
0
29
2165
320
3
7
0
0
5
0
0
1
1
0
0
872
1631
220
123
28
0
1206
0
5
0
0
1
1
0
3
0
39
2
168
872
1
36
0
0
1502
1104
1
0
132
0
3
301
289
0
1930
3
132
0
2425
267
443
0
168
255
800
2035
0
0
0
3
27
0
0
3
27
0
3
3
3
2009
0
1
1
1988
226
3
0
549
40
0
176
0
0
408
2
45
0
2
0
0
118
0
3
2
3
635
0
1519
216
12
3
3
29
1
1
0
0
185
3
0
6
1859
1
0
0
39
3
1
0
7
3
5121
63
89
2
505
0
98
0
589
96
3
57
0
0
0
1
6
4
31
3
3
0
0
51
2
0
1
100
794
3
145
0
0
0
0
280
3
1
200
3
0
104
0
0
0
1519
3
118
3
0
70
32
1
29
29
22
3
0
0
0
0
561
3
0
23
0
88
3
1
4
0
1115
2931
1502
800
0
6
0
1
3
2
0
2
0
168
1753
0
3
1896
3
118
157
42
1
0
0
0
3
0
57
0
316
0
201
2
0
0
2
271
2242
12
1
0
3
1
4
1822
3
20
6
2
0
32
0
2447
3
0
57
3
2
3
3
132
0
8
3
357
3
345
145
1
10
0
11
20
0
6
3
3
132
0
6
1
192
1226
0
326
0
29
169
6
0
132
3843
40
10
0
5
2
0
3
3
1460
2
3
14
1110
168
958
4
0
91
0
0
6
0
0
0
0
797
8
1433
0
0
1031
97
2
2167
946
240
0
787
0
3
2
4
0
0
5
5
0
0
3
0
345
294
5
220
3
803
2
80
3
533
0
0
3
28
0
2140
4
3
478
3
1
3
1
0
0
2447
0
0
0
0
3
362
0
829
1550
1519
0
0
1379
0
0
1
321
0
4
132
5
2
3
0
4
0
5
0
0
3
132
0
3
0
0
3
115
74
0
0
0
0
0
1601
29
18
0
0
0
1265
3
6
2
0
1075
11
2
1519
0
57
20
559
0
0
0
0
0
310
377
27
1
0
0
0
0
3
132
0
3
0
0
9
0
101
3
2
1
3
2
57
0
0
0
2447
14
0
3
0
207
20
18
5
17
20
1447
0
0
3
3
0
17
3
1
11
0
190
1
76
0
0
4043
7
57
0
29
807
57
66
0
0
152
31
132
5
3
1
883
0
0
0
0
520
1502
1517
10
27
3
0
3
0
16
1751
3
0
0
1
0
378
985
374
343
0
2
0
29
238
383
2
2
1
964
0
0
0
2447
0
0
48
49
996
0
2
6
0
3
0
152
13
132
101
2447
3
29
1595
33
0
2027
2
2
0
7
946
2
0
70
95
0
1525
3
3
188
2
168
0
104
3
2
1
0
168
7
0
0
29
0
0
1
0
14
470
0
15
0
1
19
293
0
0
0
133
5
3
18
0
2092
2167
7
0
0
0
0
1
0
1
1
107
275
1519
0
0
0
0
8
633
0
2
0
34
4
0
1
3
0
0
3
0
118
55
4
27
2
55
3
0
0
1
21
0
5
345
132
0
11
0
875
0
2
0
0
1
0
0
1110
4
174
355
56
137
1877
379
0
3
1
0
6
1235
1
0
2
168
6
2
0
0
0
0
0
0
2
1
0
132
1
32
881
3
6
0
1
11
0
3
132
0
0
118
312
1
0
73
89
2
63
1791
0
0
3
741
0
79
31
0
1
2
4
0
725
3
13
6
3
48
3
1437
0
3
2
97
118
70
2
650
0
1
0
3
0
28
1595
18
1
11
0
43
7
0
0
0
0
1
2
0
295
12
1
551
0
3
191
3
374
2
3
0
3
2
0
7
27
0
0
4
0
5121
58
4756
495
0
1545
3
1519
319
3
3
0
1635
2
0
2140
0
7
21
6
0
3
1209
1
3
201
5
227
717
0
1
341
1
48
0
1
216
1
0
4
3
98
0
0
0
80
164
0
0
1051
4
0
0
29
0
2
795
1643
0
2
0
0
13
3
1
0
0
1
764
0
1
360
62
3
2
76
2
70
3
2
3
0
2
4
2
1
3
2
1
0
0
3
3
1
0
2
0
0
0
0
0
1
14
401
0
10
2
280
4
2502
1074
1067
3
0
3
0
0
487
168
303
1
0
962
3
0
1643
12
9
0
0
144
4
0
311
0
1250
2437
1
12
30
0
6
7
2096
0
390
1
1438
496
0
7
0
62
0
2
0
0
0
68
0
0
0
4
2
542
0
1296
969
1579
0
1
48
2
18
0
0
473
347
3
24
1
223
0
0
0
1
0
5121
1
1
16
0
0
3
0
1
29
35
1
3
2
1
1
9
3
0
10
0
0
57
1
0
3
63
10
2
0
0
14
0
1
0
4
0
32
0
0
751
0
3
2
329
0
2
0
0
27
0
472
232
1
0
0
1260
0
194
0
9
1595
1
3
0
437
0
0
0
385
40
79
1
3
206
2
76
3
2
0
216
4
1
0
33
0
37
0
0
3
3
2
0
0
3
295
51
43
0
465
2
1
3
0
0
118
0
0
295
1
2
5
11
65
0
1
0
20
1
0
0
0
89
0
714
2
0
0
0
2
2047
845
0
0
3
5
176
303
20
95
1806
1
2100
5
0
0
0
385
56
3
0
1
40
293
1127
0
239
353
58
408
194
3
100
35
1624
132
104
4
281
339
104
0
0
0
29
0
207
0
0
4
106
360
0
0
0
857
943
76
0
1
0
308
2
0
1672
125
48
3
0
2
2
1
613
3
5
0
0
6
0
1365
132
3
22
1
0
3
0
1519
78
1003
0
0
0
137
0
0
58
0
8
53
0
0
3
0
7
2
0
804
4807
19
1060
0
160
372
1
481
0
16
1331
3
3
1
11
0
3
1
0
313
3
996
0
442
2
28
48
3
0
551
727
3
0
5121
24
3
39
3025
0
1176
969
3
2
0
2
516
3
2
0
5121
110
6
0
1
0
2
0
2
0
1
0
132
3
3
79
43
345
104
3
1
3
2
0
2
1097
0
0
294
29
2
1
0
217
1
251
1519
3
0
4
3
0
0
3
0
3
1007
3
0
0
1
121
168
0
0
302
0
132
0
0
3
84
0
0
1635
24
0
0
0
3
80
0
3
1
1
12
0
2426
2167
145
3
2
3
0
1
831
43
1446
0
149
2
0
847
11
3
3
132
0
1093
0
0
8
793
10
3
0
100
137
0
0
77
12
0
45
2447
6
0
11
0
331
3
98
0
2
0
403
132
3
104
1
2
0
85
34
1882
2
0
14
0
0
67
29
153
0
0
280
8
0
4
3
0
91
3
2
1
3
1
0
7
3
6
23
1585
132
86
0
1
0
1
386
144
1
3
0
0
0
0
0
816
0
24
0
2
2
1
3
104
41
0
6
1644
3
0
10
3
229
3
2167
1502
2
0
1
3
1
3
65
0
49
542
28
390
0
0
0
0
6
2685
3
0
2
3
718
0
2
0
3
0
0
106
0
2
0
5
0
0
0
1430
2000
1302
49
333
12
3
2
3
0
3
3
0
0
5
466
0
232
44
383
0
6
11
0
0
3
0
1
8
3
0
6
1
359
0
0
1
72
0
3
95
0
0
3
1
1
2
0
2
1
458
1
3
3
22
0
1
201
4
3
1
1
0
145
0
5
132
76
1248
5
1
5
14
0
2
32
104
0
3
413
336
0
0
3
2
1259
3
0
0
0
0
1
0
0
993
7
0
118
29
3
301
3574
0
5
0
0
3
0
1
3
6
0
0
1
3
432
20
8
63
3
0
5
0
3
118
3
345
6
0
3
0
725
3199
0
284
0
3
4
3
3
0
0
4
2425
333
0
0
1525
1
800
0
3
334
29
0
3
24
0
1
171
3
0
0
2
3
0
0
1
2
108
1
1
0
0
0
3
14
39
2
3
3
35
3
3
33
0
40
1
3
168
82
132
1
1
23
0
230
3
0
3
123
3
1
2630
0
0
0
1
2
29
1
0
0
48
130
3
0
1
3
405
132
3
68
0
3
0
0
451
2
0
0
168
532
0
1
277
84
939
33
800
8
20
0
429
0
662
0
0
3
27
114
830
0
104
2
369
0
1
72
0
0
0
3
0
1
607
0
345
1
85
0
1
0
1
19
0
4
22
0
0
0
66
0
57
2
22
0
1905
362
3
3
2
0
0
0
1
3
3
11
5121
132
1174
1390
28
0
0
2796
335
0
7
2
3
3
29
0
123
0
3
2
0
952
3
29
0
8
0
0
0
1
2
158
0
0
0
0
2
1519
82
6
66
0
1
0
2
0
376
0
29
34
1
0
2
132
0
437
2
81
0
0
0
100
260
3
0
3
1
0
1177
1
47
0
2
0
2
0
2425
99
23
1
1
0
0
3
3
1
498
0
0
405
0
0
10
253
3
6
18
3
0
2
3
627
0
18
2
1
25
1
132
2
0
5
344
0
0
0
0
418
2
2
137
6
24
95
0
5121
0
0
0
3
88
29
2
0
959
77
1
0
0
2161
1433
29
3
607
0
969
0
0
0
0
345
0
132
2
851
0
1403
3
12
506
60
3
167
0
1
529
132
2
1597
62
104
4
93
3
0
0
24
969
0
57
3
27
4653
5121
3
487
13
0
1
1
1
66
0
0
3074
0
6
0
0
0
3
0
168
3
0
5
39
0
1
0
226
1
2
0
168
190
0
199
21
1
100
0
921
0
0
4
3
1
1774
0
1
295
214
3547
2447
0
1
1
3
20
3
201
2222
0
0
1375
48
5
345
3
0
2
132
286
1
2
782
0
3
3
0
0
7
88
0
2
2
14
588
1
1
0
146
2
0
0
29
3
7
506
0
0
295
4
1372
0
1
0
0
0
1
419
1638
12
1556
0
0
0
0
2
0
29
2190
29
0
93
273
145
2046
1
0
0
1
4
0
0
4
0
20
5121
260
0
0
0
70
911
1
1611
0
2
29
1224
14
0
209
156
118
12
64
216
1
2
163
8
0
6
348
0
18
755
1301
0
2
0
0
0
1
85
1
1
1965
167
0
0
0
0
0
23
0
6
0
0
1821
3
20
0
2
125
12
213
3
627
0
0
0
35
3
0
201
1
295
0
7
39
0
0
1
1533
2
4
18
3
3
534
49
29
2
0
0
44
0
0
0
137
1519
0
0
660
1
1
0
3
25
137
0
0
372
29
0
0
1
0
187
1
3
29
2
3
27
1347
0
0
3
3
0
2
232
168
63
1519
2
29
1
8
3
1
1435
0
0
5
284
3
0
3
2
1624
0
76
122
3
2
0
1
1882
76
0
3
344
2
1
132
70
99
42
29
3
0
11
3
3
958
159
29
0
3
0
3
100
0
0
1
3
146
0
0
0
1
29
37
57
2
33
0
303
33
1
0
0
2
1
22
345
5
2
1
3
12
0
0
164
0
278
854
0
2096
0
0
0
111
0
1762
3
0
0
0
3
365
0
295
0
0
2140
0
0
2
0
2301
0
1
0
1
11
4
288
0
0
0
730
22
104
0
104
0
1
29
3
3
0
3
1595
0
0
453
2
0
3
39
4
21
3
0
0
3
0
0
3
0
5121
28
1
295
0
2
37
0
164
6
140
0
2
0
1127
3
78
1
321
1
0
327
3
0
0
1774
192
32
95
1421
0
0
3
3841
118
1
0
0
194
0
0
321
2
487
33
0
0
0
0
5
96
1
3
3
0
1
2
6
0
132
357
2
11
5121
177
0
168
0
428
3
168
2
0
11
0
3
31
107
0
345
0
1599
0
1054
53
1
328
0
2115
1
1
27
0
725
122
175
355
19
0
114
897
168
1
0
2249
21
0
3
3
2
3
0
1
0
3
3
0
1
0
0
1
1
1
27
0
18
3
2
1
0
0
2
3
3
3
20
1013
0
0
42
0
29
0
7
39
1
6
10
14
1
3
49
0
4
0
2
0
20
22
1
0
0
1175
2
0
37
34
0
51
1
62
235
1
6
2
1586
0
0
0
157
362
3
29
0
2
3
0
3
2
0
0
1
3
3
2
3
7
2425
51
54
0
56
1231
553
47
8
3
1059
65
0
48
1
118
200
1
309
17
309
1
0
12
0
6
1
0
3
829
0
2
1
0
233
0
625
145
0
0
275
34
154
0
0
3
86
1
66
0
27
4
885
157
0
1455
0
1
0
3
0
0
0
1502
1
1257
1148
59
2
39
3
0
132
491
180
5
0
2447
3
260
3
19
6
102
271
201
383
0
1
2
0
0
0
2
31
0
2
2757
0
0
0
1334
0
303
0
6
3
5
0
29
0
386
3
5
3
1
27
121
0
1
1
969
2
20
119
327
0
3
0
29
2
132
1
5121
1
82
121
1
3
43
3
17
0
132
2167
0
1519
3
1
87
10
1132
0
0
28
0
0
13
0
3
0
47
0
0
3
0
439
800
2
460
0
0
0
0
201
0
0
328
3
3496
3
0
1057
0
0
3
1
5
5
1
0
3098
0
278
29
1220
0
0
2
57
243
1486
0
0
344
2
2140
2
0
0
1
2
3
0
1
0
1937
11
0
7
180
2
66
1242
0
0
0
0
11
0
137
3
0
0
0
0
1545
2
570
3
1
18
0
1
29
0
309
1
47
0
39
0
0
540
100
3
0
0
1094
0
3
51
35
3
0
100
0
294
1
0
0
1127
1586
11
1
1533
0
112
0
105
0
7
0
132
401
0
1644
0
0
9
0
132
132
4
3
890
31
65
6
0
17
66
1
41
60
57
57
3
984
3
2
24
10
29
3
3
3
3
723
0
1183
76
228
1
2
1
3
969
9
3
0
0
0
1389
6
0
3
29
1
3
3
0
0
2
566
0
3
13
0
118
0
0
46
0
4
0
6
1638
0
280
0
0
3
0
0
37
0
48
6
0
0
3
725
5
3
0
3
2167
535
3
0
0
0
1
481
1
0
104
5121
1502
236
5
0
6
66
179
0
49
12
0
3
3
0
76
1
44
1
3
0
118
3
280
0
635
295
2
3
3
1904
0
1
0
0
0
1519
0
4
1
3
11
9
0
13
0
0
14
0
0
0
0
0
0
1630
0
0
1
0
542
11
0
6
0
5
3
1
2
2
104
0
400
0
0
91
521
0
0
1525
0
198
542
7
0
206
6
104
0
0
0
281
0
1450
3
0
295
295
199
3
0
120
13
0
3
0
121
2
0
678
0
1545
268
102
0
73
2
12
0
0
657
6
192
3
3
0
0
118
19
0
30
0
0
2
189
0
2
1958
3
3
1191
88
0
0
2167
0
1
0
0
17
1
1
3
1
132
788
3
29
428
0
1
61
320
1
717
1293
0
465
1293
7
3
3
0
1
280
3
0
0
0
0
25
60
134
57
2140
3958
5
0
0
0
0
45
0
0
1
0
1432
4
39
0
3
77
2
21
0
2332
6
0
1
0
66
3
1
9
0
2
3
0
2
3
201
29
686
20
1
0
0
3
2425
9
0
11
132
6
2304
11
122
104
2167
1
0
0
82
3
0
3
0
58
0
4756
3
19
0
132
659
0
605
1146
2
700
0
0
39
3
298
0
707
0
1633
0
1
8
314
3
0
0
1
0
3
695
3
2
319
0
283
760
121
0
4
0
0
0
5
120
0
258
0
26
324
3
1089
0
724
3
3
0
0
3
1
805
201
132
132
914
0
481
3
55
0
0
0
0
0
87
1487
0
1533
0
65
4
3
0
1006
2
0
2140
1437
0
57
3
1
546
2
2
4
1
0
223
52
0
232
1595
1403
1403
2
3
0
0
0
0
4
116
5
0
8
3
1
3
2
3
6
0
0
0
0
0
0
132
3
0
586
0
3
764
0
54
0
0
63
17
0
100
2
203
3
3
2
362
0
937
20
2
0
1696
10
1192
1
0
0
153
0
2722
0
27
29
1431
45
60
3
0
0
178
841
0
0
0
0
2
18
4
4756
2
3
0
2425
333
1128
0
0
132
36
935
0
39
1
0
1882
3
1
3
1
739
8
0
1
0
0
0
0
3421
0
2433
1
0
6
34
0
17
0
0
0
1040
0
1098
0
132
49
0
10
2742
76
3
132
72
3
3
811
1487
0
1
1
0
5121
0
0
2920
31
32
1193
1
21
2
462
2
3
14
0
5
3
0
607
0
1
5121
0
3
0
1
0
79
17
110
661
0
3
0
295
0
1
76
0
295
1
3
0
0
3
1
1060
0
0
1
0
153
11
0
1
251
132
1
3
1786
8
3
3
0
0
3
2440
2
0
347
227
0
0
12
3
3
102
0
139
1
0
0
0
0
29
1
3
0
201
3
67
0
29
3
656
8
0
3
4
0
2
27
2
0
3
0
550
0
0
31
1206
4
2
0
1054
1862
0
76
1
29
2
1
1
125
66
0
0
0
55
3
3
2
1
3
45
2084
0
458
3
87
0
0
2
3
0
0
3
0
88
0
1
142
0
1
105
3
372
0
0
749
2377
3
3
0
2
0
3
1
3
3
2
0
276
88
0
2280
0
201
6
0
29
87
3
6
1
0
0
4
1
244
0
2447
0
2
3
1
0
4111
3
118
201
2
0
0
1
0
2
739
1
0
0
3
2
3
3
2
0
132
0
3
213
0
3
17
0
24
3
333
45
330
0
2
0
1
2
4
0
0
0
3
329
2425
0
295
62
39
2
0
54
67
3
1
132
1
0
0
1
0
0
3
3
4
0
123
671
101
2241
132
0
0
0
132
0
334
0
0
16
6
2
70
2
19
347
413
1
5
1
4
0
908
3
169
5
0
116
450
1110
1
0
2
183
7
4
2447
137
11
3
2
1
3
2447
3
0
3
118
395
132
0
220
35
0
159
97
0
0
0
0
542
0
1
0
0
5
0
0
0
0
0
2
3
0
3
3
0
0
0
31
104
2
2
2
136
0
58
3
39
32
595
468
1
1
43
0
0
0
1137
201
1
358
81
0
1519
0
273
1
3
0
2
5
2
216
1139
3
704
1
0
2
0
449
0
3
1
800
2
0
2
12
230
2
83
0
3
1
0
168
3
1
74
0
0
263
4
0
641
2
0
3
468
3
49
132
5
132
0
0
27
145
0
22
2
5121
27
1
1433
465
3
0
3
172
280
0
3
2
0
2
1
1
1
1466
1166
150
0
627
168
6
3
0
16
51
0
168
1
3583
0
104
0
2091
288
104
2425
0
193
79
3
3
1
1198
0
0
3
0
0
0
969
0
294
8
1
125
2056
0
1
0
167
0
0
3
653
43
11
8
1519
5
132
0
3
0
312
1
1
0
5
0
151
120
104
1
3
0
168
0
2
29
1
1882
3
4
0
0
101
434
48
0
586
0
2
0
6
1
0
14
0
3
0
132
35
418
0
50
105
2
1
124
0
2091
418
515
0
5
86
3
6
323
0
142
27
6
30
132
3
996
0
288
0
0
3
784
7
3
1243
2
1
118
1
118
1519
0
3
76
0
892
0
0
0
76
2
0
3
1
111
3
13
1
2
285
2
215
0
121
6
5
145
43
0
111
323
168
0
9
2
0
345
757
0
3
0
0
3
9
0
0
112
0
3
4
95
3
0
3
57
0
3
1
0
0
0
0
996
3
118
3
3
2
0
6
0
63
1519
0
0
0
0
0
0
0
3
211
1
0
3
77
0
5121
2
2
68
0
1
280
60
3
0
104
0
52
0
94
0
3
1
1
1
104
3
0
0
0
295
3
1586
76
0
2
0
0
18
0
78
99
1
2
52
0
2
1
268
11
1790
664
1
1
0
35
3
200
37
362
0
0
104
62
29
0
0
0
39
3
1586
50
216
3
5
226
0
1
302
836
0
3
39
2
28
130
345
0
99
0
3
2
2
288
11
97
0
3
79
0
1519
3
1
972
1042
29
1
2
0
1
0
759
0
3
0
828
1
1
3
3
63
0
0
323
142
0
3
1
2
18
1
0
0
3
0
3
0
0
0
1
1
0
0
2
0
71
6
12
1
2
2447
1389
0
1
3
0
353
0
4
1
2167
3
29
3
0
2
145
2
0
1
0
0
77
0
0
27
1
5
2
0
1
0
3
372
1
0
2
0
3
0
3
0
0
2
2907
29
1
3
0
1457
0
145
0
352
113
3
0
846
29
81
17
2
0
0
29
1
3
0
2
0
132
0
0
3
145
0
57
0
1
0
0
0
0
0
3
0
0
118
0
8
0
111
108
42
1624
0
1
118
1231
0
2
156
0
2
58
3
3
351
0
0
1
1519
909
1
3
3
3
2
1322
0
376
0
1
1
3
0
1
0
2
15
0
57
3
132
5
0
1
2
2
60
164
151
1
3
1
345
0
3
5
4
3
469
0
2
0
0
0
4
6
1
1433
3
0
0
0
66
2
0
1
34
0
9
2
12
3
3
168
1519
0
3
1
11
6
0
0
0
0
0
57
94
0
0
1173
17
0
29
7
0
3
2
167
246
1519
0
0
0
3
136
295
0
0
121
6
1183
0
2
32
29
3
2447
200
3
57
1334
3
0
1085
104
1595
3
0
3
542
0
2
2
2
333
6
0
21
0
0
0
3
0
1
0
0
2
969
1931
168
11
398
2000
3
2
0
3
1
292
43
3
3
2
962
0
120
74
2
0
3
29
1188
186
0
76
1
2425
0
0
22
14
29
0
0
0
0
969
2
0
3
1
0
3
12
1
0
57
0
2219
1
1
1
0
22
553
0
232
3
600
0
0
0
2
38
37
222
0
6
0
3
452
0
2
3
0
1
0
35
0
199
1502
3
3
3
3
3
0
0
1052
0
0
2
147
2
0
14
3
81
306
1
1759
0
2
1
3
11
0
76
3
79
0
1
67
0
2
6
107
0
6
0
1
2
236
0
1365
145
0
286
3
0
1596
0
0
0
3
3
6
1462
1
1
1104
0
81
0
1
0
2167
25
14
5121
3
5
3
11
0
1
0
224
40
0
3
1
1
3
194
0
3
5121
4
351
0
0
0
3
0
296
279
101
0
1
31
0
0
1
0
0
65
3
0
1
0
0
0
200
2
5
571
0
0
0
3
84
536
2
0
3
3
122
0
1299
3
1169
0
0
19
132
0
3
2
3
0
2
2
0
3
1
839
0
3
2035
0
130
2167
0
0
3
1403
0
201
2
1063
3
4
74
0
0
1199
101
0
0
269
1
0
90
0
294
0
3
0
163
132
47
125
0
0
137
73
3
0
1
5
67
216
104
3
320
118
1740
7
1
0
0
0
0
0
3
1
2
1
0
2
0
1519
0
1
76
2076
100
7
2
21
337
656
0
3
0
1
927
51
80
1
131
3
14
3
0
1
969
0
159
2
0
66
1
20
0
0
2
291
3
3
0
3
0
11
0
1
56
2167
3
1
31
3
2
168
0
754
1180
2
204
0
1474
0
155
1
0
3
0
1
0
0
5
104
3
1
1731
1204
386
3
2
0
2
145
18
0
232
0
1
11
260
0
69
26
0
3
12
1
4
101
187
6
4
1
100
1488
104
1774
0
28
118
2
691
0
1127
2
77
29
2
0
0
76
19
0
1
455
1
104
125
3
0
0
586
68
0
0
115
1004
0
1
3
132
0
0
2
3
3
0
491
0
31
0
374
0
0
1
0
0
3
175
1
0
3
2
0
303
0
1
1
84
192
132
0
0
2167
0
0
1
0
49
3
0
0
2167
639
0
145
168
0
3
0
28
542
294
0
3
1158
0
48
13
29
1
3
0
41
2
2
0
0
29
30
5
3
3
2005
0
362
11
1
0
0
2140
0
1
369
0
2
3
0
0
0
3
2
22
104
43
19
212
0
1
43
90
0
1424
239
0
0
0
1599
5
11
3
998
2000
8
2447
0
0
0
7
0
2
29
0
567
1
5
1372
388
3
42
0
32
3
0
0
6
527
236
3
2
81
1
1790
194
969
57
76
228
303
0
3
1
0
168
0
110
4
8
79
2
168
0
3
1817
2
0
0
57
1
99
5
3
4363
0
0
3
0
2
1963
618
61
147
5
0
48
3
5
7
4
250
0
29
2
0
535
0
0
1
0
2
1881
201
3
1
413
0
0
0
1235
3
0
3
3
1166
1711
1519
0
0
0
45
1235
0
1059
39
2
0
2
0
81
0
1
363
3
376
0
2
1
0
1035
428
0
0
0
0
29
3
3
3
3
1
29
0
0
2
67
0
4
4
337
4
1591
0
0
1207
23
1
1036
1
3
8
8
2
0
20
168
3
0
3
61
0
453
3
78
1
3
0
3
744
0
1
0
2
1194
1
0
3
0
0
1
1762
0
0
2
2
0
2
0
0
0
0
3421
5
96
3
0
1
167
657
3
0
0
0
158
2000
0
4697
117
0
0
0
2
223
0
0
3
308
1
1
4
2
0
0
30
1
48
0
89
0
0
3
0
227
1
2
3
0
969
194
0
2
2528
327
941
764
4
3
0
201
22
0
7
1995
0
21
4
3
1
0
0
2
0
3
2242
0
0
3
0
3
1
3
1
0
4
20
131
132
0
0
3
1
9
0
2
76
2140
68
0
3
0
124
118
2167
2
0
157
11
2
0
336
15
29
1
81
3
0
2332
3
0
3
57
0
3
1
1519
201
0
2322
0
836
0
1
0
132
1
0
0
0
0
1
70
0
0
3
0
280
273
3
0
1
6
1
0
3
76
3
0
0
4
65
0
117
0
952
683
0
132
0
149
27
0
0
0
1
1
11
0
20
656
1788
67
386
0
0
0
29
0
0
376
1
3
0
88
2
142
3545
3
0
145
0
1627
1
0
0
0
284
3
11
520
0
0
2
0
6
0
76
3
1273
21
3
22
0
3
0
0
1
0
3
327
3
41
2
264
3
3
0
0
2321
8
17
58
26
0
972
4
167
3
3
0
0
12
0
63
0
668
0
34
2
91
3
0
60
0
822
72
0
24
0
1
1148
57
1
1
3
0
3
0
0
0
0
954
3
1
2
3
45
5
13
0
0
2439
2
3
3
0
0
0
57
11
0
291
0
6
1
969
3
3
752
358
4899
3
1
260
0
0
0
0
0
0
1
1
35
104
1
0
2394
1283
2001
556
0
0
516
0
113
118
132
24
3
3
0
0
0
27
0
3
3
0
698
305
0
37
0
3
0
1
35
63
3
6
0
3
1
1
1
0
26
3
145
0
1525
0
0
2
118
20
0
61
3
12
0
196
0
0
3
0
3
6
2165
1953
0
132
0
4
0
3
3
80
0
1
1
2
0
1061
1
3
0
11
4
28
0
2
1061
94
95
1279
0
3
3
117
2
1
773
4
132
653
60
1
0
267
1459
1465
137
1
1
0
216
0
339
1
2
168
2
211
2425
2447
0
10
6
25
0
363
0
4
273
163
0
82
0
27
16
8
5
16
13
0
0
0
2
2
0
1
0
102
201
3
0
3843
1587
3
969
3
704
35
0
0
3
0
0
76
1
1519
1674
3
1
3
0
3
1
10
0
0
3
1
0
0
3
0
0
0
0
2
0
0
28
0
1
1454
2352
2
1
0
2
64
0
330
0
2860
3
582
1375
3
0
0
0
0
0
0
0
155
0
2
260
3
76
28
1
0
0
0
620
0
168
653
137
216
